-8.977099959	-0.015005541	0.011033334	-10.87131718	-10.77688574	NaN	0	NaN	0	0	-0.022052
-8.952201105	-0.006291518	0.011533333	-10.78522203	-10.77212141	2.41	0	NaN	0.027979651	0.00	0.0092988
-8.918157221	0.020309546	0.0122	-10.68086291	-10.80396897	9.18	0	NaN	0.630579965	0.00	-0.03001
-8.904961134	0.042746093	0.013366667	-10.61788169	-10.75014966	-3.41	0	NaN	0.41073203	0.00	0.0034875
-8.896427122	0.085679585	0.013666667	-10.52581965	-10.64244057	1.54	0	NaN	0.013086499	0.00	0.029457
-8.884393796	0.087758993	0.0149	-10.58262721	-10.53352788	-4.91	0	NaN	0	0.00	0.016554
-8.8689204	0.06903887	0.016033334	-10.59887434	-10.42314259	-7.68	0	NaN	0	0.00	0.0016305
-8.871570206	0.063671767	0.0161	-10.55527088	-10.37191786	0.98	0	NaN	0	0.00	0.0046762
-8.863491202	0.027633807	0.015666667	-10.55508586	-10.35287077	6.83	0	NaN	-0.001437195	0.00	-0.012235
-8.866415399	0.020598286	0.016466666	-10.55902502	-10.31028592	2.64	0	NaN	-0.01309795	0.00	0.015582
-8.863785346	0.027887739	0.017833333	-10.56672197	-10.30423991	-2.10	0	NaN	0.002272082	0.00	-0.010988
-8.835299149	0.014336244	0.018933333	-10.52720597	-10.28322834	6.94	0	NaN	0	0.00	0.01177
-8.821340591	0.007666427	0.0198	-10.50736963	-10.26193711	-0.98	2.48	NaN	-0.020193861	0.00	0.017775
-8.817338035	0.008769628	0.021533334	-10.50714593	-10.24314635	-0.41	8.07	NaN	-0.011627907	0.00	0.016971
-8.827989443	0.006600659	0.019566666	-10.5297245	-10.26902182	-12.01	0	NaN	-0.030628272	0.00	-0.031313
-8.848697963	0.007214508	0.014733334	-10.61446148	-10.27377685	-4.03	0	NaN	-0.002623983	0.00	-0.0044775
-8.857900462	0.012442926	0.010599999	-10.66469781	-10.30122782	0.18	0	NaN	0	0.00	-0.026947
-8.860464362	0.007085616	0.0079	-10.66776957	-10.33338333	-2.92	0	NaN	0	0.00	-0.040447
-8.853767666	-0.000122943	0.008833333	-10.66408054	-10.35574643	2.33	0	NaN	-0.013297872	-0.37	-0.017946
-8.838995049	-0.004969561	0.0102	-10.63848851	-10.36095089	3.59	0	NaN	0	0.00	0.0038678
-8.814742083	-0.005953883	0.012233334	-10.58877583	-10.3653395	8.61	0	NaN	0.012583462	0.00	0.0048016
-8.802300957	-0.005713055	0.014833333	-10.56787903	-10.36630354	1.88	0	NaN	0	0.00	0.0022949
-8.793582816	-0.002361206	0.018566667	-10.55574182	-10.35962694	-0.55	0	NaN	0	0.00	0.0030454
-8.792885869	0.003730415	0.023366666	-10.54732242	-10.38371859	2.28	0	NaN	0	0.00	-0.030562
-8.801770475	0.002486335	0.023266666	-10.55483021	-10.3819874	-4.48	0	NaN	0.002112676	0.00	0.0037329
-8.798011243	0.010410293	0.025666666	-10.54606022	-10.35627102	-7.28	0	NaN	0.001400887	0.00	0.018982
-8.803783417	0.01996613	0.025833333	-10.56593103	-10.37239933	-0.12	0	NaN	0.006909258	0.00	-0.025363
-8.792730841	0.025487211	0.030333333	-10.53847762	-10.35126607	2.92	0.86	NaN	0.001138434	0.00	0.017127
-8.79089119	0.033559349	0.030966666	-10.52899795	-10.33002475	-1.61	9.46	NaN	0	0.00	0.022599
-8.797383162	0.035484195	0.031399999	-10.54609315	-10.3378282	-3.30	0	NaN	0.005249344	0.00	-0.012097
-8.792245055	0.034065906	0.033533332	-10.55651284	-10.33412051	-1.50	0	NaN	0	0.00	0.010291
-8.807571328	0.03038661	0.033099999	-10.5969501	-10.3151217	-5.97	0	NaN	0.022084048	0.00	0.018398
-8.838955084	0.033977512	0.017566667	-10.65818697	-10.33382189	-6.79	0	NaN	0.001516793	0.00	-0.010401
-8.836584184	0.032199722	0.009566666	-10.66616796	-10.30474241	-4.46	0	NaN	0	0.00	0.03123
-8.817666939	0.022737554	0.016800001	-10.63410842	-10.30211631	8.17	0	NaN	0	-0.11	0.0036657
-8.799212286	0.018949599	0.026900001	-10.596347	-10.28561181	7.99	0	NaN	0	0.00	0.026161
-8.783293523	0.008889717	0.027733333	-10.54738678	-10.29934954	7.41	0	NaN	0.003092784	0.00	-0.021554
-8.762165614	0.003908701	0.03	-10.50949897	-10.29133393	1.24	0	NaN	0	0.00	0.0079453
-8.767569979	0.009637534	0.0354	-10.53700059	-10.29197832	-3.06	0	NaN	0	0.00	-0.017197
-8.768718909	0.014635001	0.0423	-10.53774575	-10.30890418	-0.94	0	NaN	0	0.12	-0.020384
-8.750175406	0.013817654	0.038733332	-10.45720313	-10.3324708	2.62	0	NaN	0	0.00	-0.023939
-8.758295245	0.018084107	0.029933333	-10.47749542	-10.32805206	-3.76	0	NaN	0.005502846	0.00	0.0022484
-8.760698867	0.013497236	0.023599999	-10.49158911	-10.30076591	-2.09	0	NaN	0	0.00	0.030993
-8.778244981	0.013863282	0.023066666	-10.51520385	-10.29336267	-7.59	0	NaN	0	0.00	-0.0015033
-8.776339101	0.014967352	0.023500001	-10.52147525	-10.28582885	2.11	0	NaN	0.014703074	0.00	0.0036981
-8.76176963	0.008642671	0.023033333	-10.50606502	-10.28419617	3.73	0	NaN	0.058901515	0.00	-0.003946
-8.749595468	0.011982668	0.023033333	-10.49425605	-10.27027951	0.41	0	NaN	0.006493506	0.00	0.014668
-8.733953659	0.007026966	0.0246	-10.46536039	-10.24947201	8.94	0	NaN	-0.001819836	0.00	0.021977
-8.719761168	0.008897963	0.027233334	-10.46092191	-10.23106825	0.50	0	NaN	0.003554924	0.00	0.0046132
-8.712349013	0.012989358	0.027166667	-10.4510164	-10.22650792	3.23	0	NaN	0	0.00	-0.010874
-8.706887132	0.011949675	0.028399999	-10.43400215	-10.20648306	-4.40	0	NaN	0	-0.23	0.016358
-8.708635689	0.012920504	0.028133333	-10.42995382	-10.20323514	-3.78	0	NaN	0	-0.15	-0.0098477
-8.698943838	0.012214719	0.029066668	-10.40776661	-10.20817975	4.38	0	NaN	0	0.10	-0.014191
-8.689593881	0.010313934	0.029400001	-10.39189079	-10.21166599	-5.87	0	NaN	0	0.00	-0.0051971
-8.674786361	0.013545098	0.032933333	-10.38782324	-10.17702221	4.70	0	NaN	-0.011616492	0.00	0.037326
-8.671113587	0.01383733	0.034966667	-10.38529833	-10.18144571	3.69	0	NaN	0	0.00	-0.021404
-8.652162468	0.014764129	0.0353	-10.40378984	-10.17763397	-1.13	0	NaN	-0.007261247	0.00	-0.0030468
-8.643695049	0.014523944	0.034766667	-10.44200193	-10.17282178	5.14	0	NaN	0	-1.29	0.0026346
-8.633795653	0.0106849	0.034966667	-10.42510779	-10.16923213	0.22	0	NaN	0	0.00	0.0060859
-8.634822131	0.012581501	0.036833334	-10.41773981	-10.17852885	-0.68	0	NaN	0	0.00	-0.0081225
-8.613293575	0.011571971	0.038900001	-10.37489574	-10.18285863	7.14	0	NaN	0.003256365	0.00	-0.010085
-8.602516877	0.0163282	0.038733335	-10.36601133	-10.17195222	-1.36	0	NaN	0.002012362	0.00	0.0044012
-8.585614183	0.017029692	0.038666666	-10.38623798	-10.13510906	-2.92	0	NaN	0.019771219	-0.25	0.025815
-8.565142654	0.017689397	0.04166667	-10.36806791	-10.10983304	2.52	0	NaN	0	0.00	0.0027137
-8.543421193	0.023895656	0.046100001	-10.30426748	-10.09342571	1.35	0	NaN	0	0.00	0.0034203
-8.54270561	0.026532773	0.045866666	-10.279703	-10.07850275	-1.19	0.1	NaN	0.001297353	0.12	0.0016312
-8.539140457	0.032195927	0.050433335	-10.27559251	-10.04745073	-2.36	0.3	NaN	0.014104372	0.00	0.013561
-8.53429773	0.035072205	0.0521	-10.26885748	-10.03732227	-3.54	0.4	NaN	0.027487076	0.00	-0.0073813
-8.527937976	0.028303747	0.045133333	-10.27031353	-9.995988422	-7.91	0.2	NaN	0.048085265	0.00	0.03547
-8.530128243	0.025343552	0.036599998	-10.27033907	-9.99784451	-3.43	0	NaN	0.007336757	0.00	-0.012239
-8.524931378	0.026721012	0.043000002	-10.25821908	-9.987928749	2.22	0.7	NaN	0.004621184	-0.19	0.0065139
-8.520316753	0.029467301	0.047533331	-10.24352909	-9.978943503	-2.61	0	NaN	-0.011947431	0.00	0.007937
-8.501999061	0.036727683	0.050500002	-10.20028931	-9.9630836	1.97	0	NaN	0.005863727	0.00	0.01316
-8.487377018	0.040377715	0.0552	-10.18413807	-9.958703841	1.86	0.3	NaN	-0.026483292	0.00	-0.0016434
-8.483196196	0.043802623	0.051966667	-10.13178956	-9.955424619	1.70	0.4	NaN	0	0.00	-0.0001107
-8.481767783	0.045219825	0.055866666	-10.12179045	-9.954821081	-0.92	0	NaN	0	0.00	0.0032774
-8.468164604	0.047583644	0.060933332	-10.0832381	-9.957982615	-0.52	3.98	-0.2283359	0	0.00	-0.01204
-8.467500288	0.053559116	0.061966667	-10.08217677	-9.96016878	0.62	0.76	0.6599304	0	0.00	-0.0059648
-8.463901369	0.053765522	0.070233335	-10.11045441	-9.952293927	0.93	0	0.5100949	0	0.00	0.0036035
-8.471617403	0.056688877	0.073533335	-10.119102	-9.968206728	-1.49	0	0.1898392	0	0.00	-0.023091
-8.475709645	0.060404994	0.0721	-10.167175	-9.963210999	-5.74	0	-0.5390026	-0.004977601	0.00	-0.00032354
-8.476819974	0.058631407	0.066766667	-10.17963402	-9.976454636	-4.41	0	0.0416007	-0.002949562	0.00	-0.012738
-8.471321026	0.055301545	0.063266664	-10.20906839	-9.966631633	0.28	0	-0.9147214	0	0.00	0.0022698
-8.485540668	0.054488185	0.053533335	-10.23026211	-9.969027858	-4.65	6.57	-0.6126422	0	0.00	-0.0038118
-8.461435394	0.04699628	0.038400002	-10.22261363	-9.97548862	2.76	1.05	-0.832473	0	-0.27	-0.0098504
-8.458629549	0.04223687	0.0425	-10.22323164	-9.976159559	-0.07	0.17	0.9152814	0	0.00	-0.00086006
-8.45364624	0.041812964	0.050100002	-10.23414462	-9.97619715	-5.50	0.09	-0.113412	0	0.00	0.0036602
-8.45416191	0.034742948	0.0423	-10.22835894	-9.980235584	8.39	0	-1.5644837	0	0.00	0.00079207
-8.43887985	0.034457908	0.034366667	-10.15329556	-9.961530481	2.22	0	-0.0411074	0	-0.69	0.02123
-8.417708885	0.031748698	0.0377	-10.14577672	-9.95332444	5.65	0	-0.3330839	0	0.00	0.0013571
-8.410705156	0.029852168	0.042199998	-10.14423952	-9.97422721	-0.09	0	0	0	0.00	-0.045255
-8.397129616	0.03279061	0.048633332	-10.1257895	-9.963664691	3.42	0	-0.0147775	0	0.00	0.023143
-8.374072993	0.040305764	0.056999998	-10.07407616	-9.947900581	1.42	0.17	0.5395279	0	0.00	0.010846
-8.364726675	0.054572407	0.066033335	-10.07495824	-9.953597382	1.02	8.66	0.5984568	0	0.00	-0.011945
-8.372545174	0.066127879	0.083233337	-10.08385824	-9.971397193	-1.27	6.19	-0.2440028	-0.003645643	0.00	-0.026012
-8.365588233	0.080827668	0.075	-10.07120973	-9.966887819	-2.74	9.24	-1.1663335	0.003595312	0.00	0.0039397
-8.376476079	0.094536061	0.076166668	-10.06388487	-9.944939917	-4.54	32.346627	0.7903585	0	0.00	0.015339
-8.375994626	0.100265536	0.081533337	-10.05140887	-9.936026801	-3.20	0	1.0418534	0	0.00	0.010207
-8.38834066	0.108479975	0.081900005	-10.04491852	-9.932381598	1.85	11.007665	-0.5707119	0	0.00	0.012861
-8.395037109	0.113744652	0.073600001	-10.08896044	-9.928721609	-6.39	0	-0.1758897	0	0.00	0.0075714
-8.409363607	0.105572544	0.0575	-10.13767633	-9.920795624	-7.82	2.25452388	-0.4929759	0	0.00	0.01501
-8.403848256	0.091120285	0.053933334	-10.28102309	-9.927365729	-1.00	10.567894	-0.2210516	0	0.00	-0.011167
-8.39027094	0.083222664	0.063299999	-10.13986187	-9.914644349	5.86	0	-0.245518	0	0.00	0.011062
-8.379956306	0.071235561	0.056266665	-10.13207775	-9.905172773	5.58	2.5461064	-0.2889343	0	0.00	0.021344
-8.359671784	0.061481541	0.049166665	-10.09487501	-9.901943275	4.57	0	-0.852743	0.002333858	0.00	-0.0059079
-8.354205113	0.058410762	0.051566668	-10.08563344	-9.911643296	-1.60	0	-0.1898103	0	0.00	-0.0093767
-8.351806965	0.054389845	0.051500001	-10.0778111	-9.920564374	0.84	0	-0.2335351	0	0.00	-0.0052221
-8.347322289	0.050568092	0.046733332	-10.08089796	-9.922593363	-2.04	0.8344971	-0.1892172	0	0.13	0.0014219
-8.33810298	0.057357162	0.046300001	-10.05700807	-9.912814301	0.79	1.920498	-0.5003613	0	-0.04	0.010985
-8.320783238	0.065756197	0.048400002	-10.03429695	-9.903744529	6.32	0.81191244	-0.2959091	0	0.00	0.0062609
-8.305756089	0.063666086	0.054966664	-10.0310428	-9.905320351	-0.51	1.3387081	-0.2401706	-0.002493517	-0.35	-0.01052
-8.308925956	0.063858495	0.061100001	-10.02621205	-9.909778505	1.87	4.4220468	-0.2257878	0	0.00	-0.0014161
-8.307841541	0.062741616	0.063933334	-10.01655262	-9.912451889	-6.20	1.7654935	-0.1357934	0	0.00	-0.0021235
-8.271750359	0.067923456	0.064766665	-9.966829776	-9.892773119	6.66	1.9802627	-0.1028773	0	0.00	0.012725
-8.264820544	0.07718336	0.073133335	-9.944867668	-9.889664289	-1.20	2.1819047	-0.4462726	0	0.00	-0.0081379
-8.254694245	0.085530454	0.085699997	-9.926465607	-9.886101867	0.66	2.1353124	0.1991114	0	0.00	0.0017439
-8.255593244	0.093337704	0.093833332	-9.912543365	-9.895658203	-1.57	3.6870536	-0.0848414	0.00455298	-0.78	-0.015838
-8.257251625	0.102149058	0.09376667	-9.91614292	-9.892307808	-8.89	9.4898742	-0.0080705	0	0.00	0.0034395
-8.253021851	0.11085273	0.096733332	-9.91546119	-9.887267781	4.77	16.989904	0.8784265	0	0.00	-0.001624
-8.253518262	0.119043804	0.118433332	-9.916996239	-9.875023884	-2.12	10.848064	0.0860985	0	0.00	0.0061527
-8.253062293	0.13286842	0.133533335	-9.912980428	-9.859055464	-11.34	10.489312	1.6978148	0.063585771	0.00	0.014724
-8.276414076	0.134756133	0.096166668	-9.943571194	-9.854991468	-4.37	4.9257563	-4.030636	0	0.30	-0.0012733
-8.281339956	0.121644709	0.091533337	-9.93245744	-9.872174169	3.57	3.9272062	1.0668587	0	0.00	-0.024865
-8.265903208	0.118124787	0.136133327	-9.908754286	-9.867754971	10.08	10.240365	2.4903215	0	0.00	0.0017112
-8.247331285	0.10670929	0.143900003	-9.861993544	-9.857064188	-0.88	28.623259	-0.5075199	0.025554831	0.00	0.0038234
-8.257546129	0.094160081	0.149066658	-9.86740562	-9.857882507	0.12	0	1.482707	0	0.00	-0.00055838
-8.24813922	0.103035788	0.150533333	-9.862309749	-9.868654948	-3.01	0	-0.7757752	0	-0.29	-0.016358
-8.263417679	0.091513594	0.1175	-9.896996661	-9.857233428	-4.62	0	-0.8048966	0	0.00	0.006787
-8.282100989	0.073078904	0.128133335	-9.923246074	-9.858312638	-6.55	0	0.5766782	0	0.00	-0.0024718
-8.278849362	0.066787174	0.124200001	-9.927106944	-9.852495032	3.68	0	-0.0893635	0	0.00	0.013022
-8.28521112	0.056535327	0.093166666	-9.961225626	-9.850120259	0.01	0	-0.4192116	0	0.00	0.0043023
-8.287014743	0.043476852	0.079066668	-9.969063925	-9.831866965	-0.67	0	0.5055122	0	0.00	0.020111
-8.276699792	0.035310003	0.081066666	-9.968080076	-9.827969252	3.29	0	0.3430741	0	0.00	-0.0021558
-8.256409104	0.032464153	0.083966665	-9.937012467	-9.820154929	6.14	0	-0.0508262	0	0.00	0.0094856
-8.239333898	0.024951063	0.091400003	-9.95984495	-9.806896595	5.44	0	-0.2291185	0	0.00	0.014384
-8.221350999	0.031823491	0.088000002	-9.942887367	-9.827972999	4.92	0	0.2578048	0	0.00	-0.034984
-8.204042255	0.045217219	0.091700001	-9.906992836	-9.805866217	-0.25	0	0.1165589	0	0.00	0.032997
-8.18890064	0.043106204	0.097966661	-9.89934807	-9.785443024	-0.27	0	0.123908	0	0.00	0.0082554
-8.181572738	0.042059989	0.103199997	-9.900543731	-9.780502672	-1.03	0	0.2314985	0	0.20	-0.016795
-8.176037048	0.040703293	0.088033333	-9.888936767	-9.762561503	-2.16	0	-0.7389059	0	0.00	0.014425
-8.168524575	0.035770097	0.081833334	-9.831262222	-9.75140674	-2.58	0	0.0844218	0	0.00	0.0021193
-8.162060255	0.035432424	0.0746	-9.886250381	-9.732560265	0.32	0	-0.1376874	0	0.00	0.012872
-8.149116762	0.032975197	0.071066666	-9.843503762	-9.710148149	1.82	0	0.2520667	0	0.00	0.009119
-8.144182719	0.034534463	0.071666665	-9.842859484	-9.703978502	1.87	0	0.1118595	0	0.00	0.0014297
-8.136620989	0.030581439	0.068966665	-9.836736255	-9.698795485	-0.01	0	-0.0911854	0	0.00	-0.0017251
-8.134636156	0.016646552	0.061399999	-9.840028785	-9.682417987	-4.00	0	0.2775406	0	0.00	0.013104
-8.127450744	0.016544495	0.055233335	-9.830974996	-9.662736155	-0.05	0	-0.3737876	0	0.00	0.01366
-8.125173665	0.013368952	0.053533335	-9.810327604	-9.669080329	-0.52	0	-0.0351568	-0.01990515	0.51	-0.015193
-8.121561951	0.020175326	0.055366669	-9.818092077	-9.667785113	2.49	0	0.4318811	0	-0.16	-0.00085101
-8.113023667	0.036329975	0.056566668	-9.747348911	-9.66316701	-0.44	0	0.2746527	0	0.00	0.0012935
-8.106813058	0.040788448	0.060433335	-9.766942406	-9.665508778	0.59	0	-0.1543708	0	0.00	-0.0043816
-8.092415411	0.043106762	0.058633332	-9.760816703	-9.660257529	0.56	0	-0.1981688	0	0.00	-0.00053396
-8.089284773	0.038885236	0.057233334	-9.751648821	-9.666725841	-2.57	0	-0.1103807	-0.049558682	0.22	-0.0088102
-8.078476993	0.03902782	0.0621	-9.753844573	-9.667237937	0.11	0	0.5851414	0	0.00	0.00059218
-8.075907614	0.040585678	0.070099998	-9.750688083	-9.6772698	0.19	0	-0.2116081	0	0.00	-0.013169
-8.065257635	0.042165027	0.077266665	-9.739195981	-9.661828766	1.46	0	0.4181615	-0.01143346	0.00	0.018793
-8.05793093	0.045691007	0.0854	-9.708946678	-9.668638234	0.22	0	0.3266148	0	0.00	-0.014578
-8.052604215	0.050309116	0.084099998	-9.720487081	-9.658125792	-1.81	0.8613323	0.146726	0	0.00	0.0061854
-8.047415063	0.045985113	0.078433332	-9.717273159	-9.651787117	-2.92	0	-0.0567841	0	0.00	-0.0017401
-8.04808137	0.045237171	0.076533332	-9.715741611	-9.650147343	-0.25	2.5403568	0.0047391	-0.091742124	0.00	-0.005231
-8.039886833	0.051000239	0.077599998	-9.723315483	-9.634560672	1.10	0.33389013	0.2664167	0	0.00	0.0090478
-8.038878753	0.044817786	0.077466664	-9.722759061	-9.63808868	0.88	0	0.052467	0	0.00	-0.011823
-8.042393369	0.054149164	0.074766665	-9.720926711	-9.640884004	-1.39	41.651494	0.1072906	0	0.00	-0.010622
-8.054800875	0.060873687	0.069899998	-9.722978214	-9.626802608	-3.58	0	-0.1375763	0.019160428	0.00	0.010923
-8.062790266	0.051259318	0.060233331	-9.745088934	-9.628912782	-3.40	0	0.0568612	0	0.60	-0.0037749
-8.059149843	0.047330697	0.055599999	-9.75325368	-9.63243279	1.33	0	0.2431539	0	0.00	-0.0049013
-8.058473591	0.037799176	0.053766665	-9.756441268	-9.641368002	2.43	0	0.0617871	0	0.00	-0.014259
-8.058144691	0.029217548	0.0454	-9.757156293	-9.649446864	0.44	0	0.0563747	-0.018578981	0.00	-0.012801
-8.050098594	0.028528014	0.038933332	-9.755363725	-9.642908437	-1.06	0	-0.0133288	0	0.00	0.0044522
-8.042786366	0.030267476	0.036800001	-9.752335328	-9.645685151	4.19	0	0.1673266	0	0.00	-0.0036292
-8.036209223	0.030283497	0.030833335	-9.754182719	-9.642787245	-0.10	0	-0.0352849	0	0.00	0.0039123
-8.029292901	0.030742397	0.030699999	-9.733409802	-9.648573352	0.86	0	-0.2551553	0	0.00	-0.0087799
-8.030449472	0.031237677	0.0296	-9.75019215	-9.660185207	2.46	0	0.1050255	0	0.00	-0.013914
-8.02701384	0.030774044	0.029666667	-9.719814323	-9.662642233	2.59	0	0.3402154	0	0.00	-0.00238
-8.025161867	0.02778511	0.030033333	-9.721683198	-9.665853272	1.40	0	0.2998729	0	0.34	-0.0025208
-8.015340672	0.027321144	0.030599999	-9.687977586	-9.664492536	1.55	0	-0.1777197	0	0.08	-0.00175
-8.008309747	0.025076633	0.032433333	-9.697990398	-9.677521394	0.59	0	0.6041431	0	0.00	-0.018373
-7.997599022	0.023544377	0.039866667	-9.669764756	-9.673171398	2.47	0	0.3146011	0	0.00	0.0029615
-7.994401507	0.028149386	0.044766665	-9.672208519	-9.659379224	-1.47	0	0.5887383	0	0.00	0.015467
-7.986511965	0.025700184	0.052799997	-9.662357274	-9.668568934	1.11	0	0.3540112	0	0.00	-0.019887
-7.986737769	0.028008969	0.057366667	-9.654307757	-9.664731731	-3.11	0	0.7817447	0	0.00	-0.0019852
-7.98733809	0.03048632	0.055966668	-9.641225293	-9.663428468	-4.17	0	0.241988	0	0.00	-0.004603
-7.982143639	0.026293323	0.053666668	-9.644270618	-9.66947963	-0.30	0	0.0532355	0	0.00	-0.014248
-7.978463763	0.025921897	0.052600002	-9.640504202	-9.67954606	-0.38	0	-0.0312583	0	0.00	-0.017541
-7.974039074	0.027458628	0.049299998	-9.623572634	-9.670228936	-4.24	0	0.1654504	0	0.00	0.0075196
-7.959673021	0.027878629	0.0502	-9.593837201	-9.665184225	6.40	0	0.0057519	0	0.00	-0.001668
-7.954242913	0.028586548	0.050966668	-9.592432879	-9.667765308	1.31	15.241607	-0.0515565	0	0.00	-0.010826
-7.946714563	0.031805016	0.049766665	-9.570084298	-9.662025538	-0.22	5.3597186	0.0907689	0	0.00	0.0061713
-7.941654043	0.029020149	0.050599999	-9.564578086	-9.661421578	1.97	0	0.1539934	0	0.00	-0.0036475
-7.929726328	0.022756987	0.050466666	-9.547755066	-9.656289026	0.57	0	0.1175044	0	0.00	-0.0038892
-7.920541314	0.022006547	0.050466666	-9.532646307	-9.659328736	0.17	0	-0.0986935	0	0.00	-0.0074847
-7.916149434	0.018730998	0.050899997	-9.526022443	-9.658109841	1.46	0	-0.0518365	0	0.00	-0.0031561
-7.909327824	0.014718905	0.050533333	-9.510728914	-9.667362489	-1.32	0	-0.052318	0	0.00	-0.016644
-7.903027333	0.015707243	0.049766665	-9.500761987	-9.64833472	-3.69	0	-0.061672	0	0.00	0.018755
-7.893004346	0.015837847	0.048233333	-9.487710453	-9.641128168	-0.13	0	-0.0952194	0	0.00	-0.0034061
-7.878949284	0.015138411	0.042533331	-9.479564421	-9.632873658	1.62	0	-0.3111354	0	0.00	-0.0022335
-7.872643446	0.016729646	0.044066668	-9.469816197	-9.625218357	-2.02	0	-0.2612975	0.00166159	0.00	-0.0012793
-7.867457829	0.020907915	0.044533334	-9.465141391	-9.616873862	-0.19	0	0.2854271	0	0.00	0.00044666
-7.858000198	0.023191497	0.046500001	-9.455610533	-9.601694297	0.38	0	0.2517832	0	0.00	0.0092788
-7.843313207	0.02586097	0.050433335	-9.437126044	-9.583578522	-0.18	0.1359884	-0.0688884	0	0.00	0.0061541
-7.843262624	0.032060518	0.0552	-9.406904067	-9.588330751	1.46	20.21	0.0464548	0	0.00	-0.01742
-7.826380907	0.032403546	0.057133331	-9.407389996	-9.577477203	-0.78	3.28	0.3997452	0	0.00	0.0033225
-7.828272668	0.034100894	0.060166669	-9.407621295	-9.578721119	-2.61	8.12	-0.0593112	0	0.00	-0.016188
-7.825161629	0.033855439	0.060166669	-9.406450054	-9.574591031	-2.61	0	0.1133342	0	0.00	-0.0064124
-7.830821252	0.033529152	0.048166666	-9.406939839	-9.561439471	-1.96	0	-0.3847625	0	0.00	-0.00007069
-7.826611719	0.032708343	0.036599998	-9.423154191	-9.545319118	-1.00	0	-0.4802618	0	0.00	0.0017678
-7.832016366	0.02642803	0.031700001	-9.525498921	-9.549209115	-1.56	0	-0.1029421	0.009425995	0.00	-0.017207
-7.831188093	0.018577125	0.019066668	-9.478607741	-9.535362751	-3.24	0	-0.5563865	0	0.00	-0.00076992
-7.824930213	0.012244232	0.017233334	-9.555605166	-9.51519616	2.04	0	-0.5164006	0.028564267	0.00	0.010056
-7.821778553	0.013090484	0.017166667	-9.563149692	-9.505590753	2.33	0	0.2371065	0	0.00	0.00018972
-7.819252619	0.015639894	0.016433333	-9.571285473	-9.498510049	-1.04	0	0.0200096	0.008772013	0.00	-0.0027133
-7.821464495	0.022285045	0.013333334	-9.575699341	-9.488772951	1.50	0	-0.2315101	0	0.00	0.0043579
-7.819364068	0.029329725	0.011566666	-9.572352987	-9.477683998	0.06	0	0.1264381	0.011498203	0.00	0.0075718
-7.813073326	0.019860859	0.0104	-9.568696103	-9.465334641	-2.94	0	-0.2155625	0	0.00	0.0095661
-7.79921386	0.021926736	0.0093	-9.617141028	-9.465040636	-0.05	0	-0.2022566	0.00372453	-1.15	-0.0037448
-7.792702388	0.019818832	0.009166667	-9.573258771	-9.467227967	5.28	0	-0.30772	0.006947591	0.00	-0.0039609
-7.788029644	0.018013441	0.009166667	-9.573210227	-9.456776704	2.39	1.564977167	-0.1782563	0	0.00	0.017525
-7.783734761	0.02747766	0.010766666	-9.561053272	-9.451628628	-1.43	2.655927307	0.0272524	0.002155693	0.00	0.00021464
-7.778750566	0.026400677	0.014866667	-9.543328228	-9.445450881	0.97	17.60857567	0.3695939	0	0.00	0.0060439
-7.773101881	0.033290993	0.020066667	-9.536730341	-9.447048072	-2.18	0	0.4761779	0	0.00	-0.0044171
-7.764974847	0.029901955	0.025366666	-9.477270481	-9.439528493	0.23	20.35099714	0.309243	0.008233909	0.00	0.0047003
-7.762525382	0.028810323	0.028633332	-9.474084618	-9.436139215	-0.93	1.777216975	0.4152144	0	0.00	-0.00015808
-7.757071739	0.037484277	0.033600001	-9.465668972	-9.425412766	1.45	14.89104932	0.3595029	0	0.00	0.0055631
-7.754505828	0.036086033	0.038266668	-9.450260578	-9.428776846	2.45	0	0.3087356	0	0.00	-0.0081883
-7.744108283	0.036073334	0.043933334	-9.415641156	-9.415358231	0.16	0	0.2830817	0	0.00	0.0097483
-7.74218604	0.038656143	0.047033334	-9.415222708	-9.411751244	1.00	8.876115871	0.4008342	0.017271589	0.00	-0.0043671
-7.744574607	0.032857093	0.049066668	-9.407200853	-9.41271181	0.55	0	-0.0228399	0	0.00	-0.0085692
-7.74054609	0.019300233	0.049033332	-9.403565075	-9.411283809	-1.71	0	0.1006557	0	0.00	-0.0051635
